 14.847371746999999
 11.157007196
 11.51504179
 33.249838553000004
 13.340565235000001
 12.067852877
 12.503388434
 12.131964297
 10.834107167
 10.946210562000001
 10.946975365
 11.248954893
 10.950138327
 12.58269614
 12.322185237
 12.53514897
 10.494595138000001
 10.334135351
 11.166620234
 11.169671445
 10.335422857000001
 10.907157307
 10.490009065999999
 10.9313519
 10.454395423000001
 10.803484285
 10.625274882000001
 10.93280924
 10.766304031
 13.788123695
 13.311642827
 11.330456668
 11.278149884000001
 10.960445574
 10.915428811999998
 11.175637553
 11.209384292
 11.079512357999999
