0.0001695420000000017
0.00024617899999999915
0.0002508069999999987
0.00029487599999999947
0.0001331530000000039
0.00015494600000000303
0.000179439999999996
0.00010926699999999623
0.00016253899999999974
0.0001707840000000002
0.0001536319999999973
0.00011817499999999814
0.0001616070000000011
0.00011456699999999598
0.0001663250000000019
0.00011766199999999755
0.00016214800000000085
0.000131038
0.0001840889999999984
0.00020795900000000062
0.00025726599999999905
0.00013500799999999896
0.00013450500000000004
0.00012919499999999862
0.00012355600000000036
0.00012202299999999888
0.0001863790000000004
0.00012535900000000197
0.00010622100000000009
0.0001143390000000015
0.00012887500000000052
0.00013850300000000162
0.0002015190000000007
0.00016719800000000035
0.00026359999999999925
0.00029557700000000173
0.00012886799999999726
0.00022004299999999963
0.00014669800000000066
0.00023091599999999768
0.00019205900000000137
0.00017141400000000168
0.0002890430000000027
0.00014220099999999805
0.00017910700000000473
0.0004141069999999969
0.00015136700000000294
0.00014232700000000112
