0.00034125399999999917
0.0002610919999999975
0.0004149099999999975
0.0002744299999999991
0.00017859099999999878
0.00024899600000000133
0.0002756910000000015
0.00018046299999999876
0.00028481100000000287
0.0002774719999999939
0.0003833389999999999
0.00028558100000000003
0.00028076200000000384
0.00010865599999999864
0.00015100399999999625
9.763399999999922e-05
0.00013891400000000387
0.00012312299999999582
0.00020410500000000303
0.0002934729999999955
0.0002794080000000018
0.00016460100000000033
0.00017470900000000206
0.0002985779999999938
0.00014418599999999754
0.00018310800000000127
0.0002002029999999995
0.00033351799999999793
0.00025212800000000077
0.00022758900000000026
0.00019517999999999966
0.00017732999999999985
0.00017056699999999994
0.00044588400000000056
0.0002796060000000017
0.00018941699999999728
0.00010848100000000055
0.00020895400000000078
0.0001844179999999987
0.00029101000000000127
0.00021362299999999612
0.00011471700000000029
0.00018762699999999924
0.00019153100000000173
0.0003410039999999989
0.0002074889999999982
0.00017857100000000237
0.00019634199999999866
